直接复制9行题目，运行程序的时候粘贴，回车运行
Directcopy 9 lines of topics, paste when running programs, enter run

5,0,0,0,7,0,8,9,4
6,0,4,1,0,0,0,0,0
8,0,0,0,0,4,0,1,0
0,0,2,7,0,1,0,4,0
7,0,0,0,6,0,0,0,5
0,1,0,8,0,5,2,0,0
0,8,0,6,0,0,0,0,2
0,0,0,0,0,2,3,0,7
2,7,9,0,8,0,0,0,1

300000010
000184003
060000200
005002400
049005008
000000070
100030000
000700086
408200000

795000036
600350002
000107004
004000250
070020010
039000600
100703000
400012009
920000871

080000750
000719000
047000000
200005003
100060004
800400007
000000140
000392000
059000020

105046300
000000690
400000080
020060709
000457000
807020060
010000008
048000000
003810506

009300507
400500009
003078000
700000002
030050006
060000903
840002090
010004600
000130040
